  i          x            density        pressure        velocity

   1    0.00E+00    1.00E+00    1.00E+00    0.00E+00    2.50E+00    1.00E+00    2.50E+00    3.50E+00    1.00E+00    0.00E+00
   2    2.00E-03    1.00E+00    1.00E+00    0.00E+00    2.50E+00    1.00E+00    2.50E+00    3.50E+00    1.00E+00    0.00E+00
   3    4.01E-03    1.00E+00    1.00E+00    0.00E+00    2.50E+00    1.00E+00    2.50E+00    3.50E+00    1.00E+00    0.00E+00
   4    6.01E-03    1.00E+00    1.00E+00    0.00E+00    2.50E+00    1.00E+00    2.50E+00    3.50E+00    1.00E+00    0.00E+00
   5    8.02E-03    1.00E+00    1.00E+00    0.00E+00    2.50E+00    1.00E+00    2.50E+00    3.50E+00    1.00E+00    0.00E+00
   6    1.00E-02    1.00E+00    1.00E+00    0.00E+00    2.50E+00    1.00E+00    2.50E+00    3.50E+00    1.00E+00    0.00E+00
   7    1.20E-02    1.00E+00    1.00E+00    0.00E+00    2.50E+00    1.00E+00    2.50E+00    3.50E+00    1.00E+00    0.00E+00
   8    1.40E-02    1.00E+00    1.00E+00    0.00E+00    2.50E+00    1.00E+00    2.50E+00    3.50E+00    1.00E+00    0.00E+00
   9    1.60E-02    1.00E+00    1.00E+00    0.00E+00    2.50E+00    1.00E+00    2.50E+00    3.50E+00    1.00E+00    0.00E+00
  10    1.80E-02    1.00E+00    1.00E+00    0.00E+00    2.50E+00    1.00E+00    2.50E+00    3.50E+00    1.00E+00    0.00E+00
  11    2.00E-02    1.00E+00    1.00E+00    0.00E+00    2.50E+00    1.00E+00    2.50E+00    3.50E+00    1.00E+00    0.00E+00
  12    2.20E-02    1.00E+00    1.00E+00    0.00E+00    2.50E+00    1.00E+00    2.50E+00    3.50E+00    1.00E+00    0.00E+00
  13    2.40E-02    1.00E+00    1.00E+00    0.00E+00    2.50E+00    1.00E+00    2.50E+00    3.50E+00    1.00E+00    0.00E+00
  14    2.61E-02    1.00E+00    1.00E+00    0.00E+00    2.50E+00    1.00E+00    2.50E+00    3.50E+00    1.00E+00    0.00E+00
  15    2.81E-02    1.00E+00    1.00E+00    0.00E+00    2.50E+00    1.00E+00    2.50E+00    3.50E+00    1.00E+00    0.00E+00
  16    3.01E-02    1.00E+00    1.00E+00    0.00E+00    2.50E+00    1.00E+00    2.50E+00    3.50E+00    1.00E+00    0.00E+00
  17    3.21E-02    1.00E+00    1.00E+00    0.00E+00    2.50E+00    1.00E+00    2.50E+00    3.50E+00    1.00E+00    0.00E+00
  18    3.41E-02    1.00E+00    1.00E+00    0.00E+00    2.50E+00    1.00E+00    2.50E+00    3.50E+00    1.00E+00    0.00E+00
  19    3.61E-02    1.00E+00    1.00E+00    0.00E+00    2.50E+00    1.00E+00    2.50E+00    3.50E+00    1.00E+00    0.00E+00
  20    3.81E-02    1.00E+00    1.00E+00    0.00E+00    2.50E+00    1.00E+00    2.50E+00    3.50E+00    1.00E+00    0.00E+00
  21    4.01E-02    1.00E+00    1.00E+00    0.00E+00    2.50E+00    1.00E+00    2.50E+00    3.50E+00    1.00E+00    0.00E+00
  22    4.21E-02    1.00E+00    1.00E+00    0.00E+00    2.50E+00    1.00E+00    2.50E+00    3.50E+00    1.00E+00    0.00E+00
  23    4.41E-02    1.00E+00    1.00E+00    0.00E+00    2.50E+00    1.00E+00    2.50E+00    3.50E+00    1.00E+00    0.00E+00
  24    4.61E-02    1.00E+00    1.00E+00    0.00E+00    2.50E+00    1.00E+00    2.50E+00    3.50E+00    1.00E+00    0.00E+00
  25    4.81E-02    1.00E+00    1.00E+00    0.00E+00    2.50E+00    1.00E+00    2.50E+00    3.50E+00    1.00E+00    0.00E+00
  26    5.01E-02    1.00E+00    1.00E+00    0.00E+00    2.50E+00    1.00E+00    2.50E+00    3.50E+00    1.00E+00    0.00E+00
  27    5.21E-02    1.00E+00    1.00E+00    0.00E+00    2.50E+00    1.00E+00    2.50E+00    3.50E+00    1.00E+00    0.00E+00
  28    5.41E-02    1.00E+00    1.00E+00    0.00E+00    2.50E+00    1.00E+00    2.50E+00    3.50E+00    1.00E+00    0.00E+00
  29    5.61E-02    1.00E+00    1.00E+00    0.00E+00    2.50E+00    1.00E+00    2.50E+00    3.50E+00    1.00E+00    0.00E+00
  30    5.81E-02    1.00E+00    1.00E+00    0.00E+00    2.50E+00    1.00E+00    2.50E+00    3.50E+00    1.00E+00    0.00E+00
  31    6.01E-02    1.00E+00    1.00E+00    0.00E+00    2.50E+00    1.00E+00    2.50E+00    3.50E+00    1.00E+00    0.00E+00
  32    6.21E-02    1.00E+00    1.00E+00    0.00E+00    2.50E+00    1.00E+00    2.50E+00    3.50E+00    1.00E+00    0.00E+00
  33    6.41E-02    1.00E+00    1.00E+00    0.00E+00    2.50E+00    1.00E+00    2.50E+00    3.50E+00    1.00E+00    0.00E+00
  34    6.61E-02    1.00E+00    1.00E+00    0.00E+00    2.50E+00    1.00E+00    2.50E+00    3.50E+00    1.00E+00    0.00E+00
  35    6.81E-02    1.00E+00    1.00E+00    0.00E+00    2.50E+00    1.00E+00    2.50E+00    3.50E+00    1.00E+00    0.00E+00
  36    7.01E-02    1.00E+00    1.00E+00    0.00E+00    2.50E+00    1.00E+00    2.50E+00    3.50E+00    1.00E+00    0.00E+00
  37    7.21E-02    1.00E+00    1.00E+00    0.00E+00    2.50E+00    1.00E+00    2.50E+00    3.50E+00    1.00E+00    0.00E+00
  38    7.41E-02    1.00E+00    1.00E+00    0.00E+00    2.50E+00    1.00E+00    2.50E+00    3.50E+00    1.00E+00    0.00E+00
  39    7.62E-02    1.00E+00    1.00E+00    0.00E+00    2.50E+00    1.00E+00    2.50E+00    3.50E+00    1.00E+00    0.00E+00
  40    7.82E-02    1.00E+00    1.00E+00    0.00E+00    2.50E+00    1.00E+00    2.50E+00    3.50E+00    1.00E+00    0.00E+00
  41    8.02E-02    1.00E+00    1.00E+00    0.00E+00    2.50E+00    1.00E+00    2.50E+00    3.50E+00    1.00E+00    0.00E+00
  42    8.22E-02    1.00E+00    1.00E+00    0.00E+00    2.50E+00    1.00E+00    2.50E+00    3.50E+00    1.00E+00    0.00E+00
  43    8.42E-02    1.00E+00    1.00E+00    0.00E+00    2.50E+00    1.00E+00    2.50E+00    3.50E+00    1.00E+00    0.00E+00
  44    8.62E-02    1.00E+00    1.00E+00    0.00E+00    2.50E+00    1.00E+00    2.50E+00    3.50E+00    1.00E+00    0.00E+00
  45    8.82E-02    1.00E+00    1.00E+00    0.00E+00    2.50E+00    1.00E+00    2.50E+00    3.50E+00    1.00E+00    0.00E+00
  46    9.02E-02    1.00E+00    1.00E+00    0.00E+00    2.50E+00    1.00E+00    2.50E+00    3.50E+00    1.00E+00    0.00E+00
  47    9.22E-02    1.00E+00    1.00E+00    0.00E+00    2.50E+00    1.00E+00    2.50E+00    3.50E+00    1.00E+00    0.00E+00
  48    9.42E-02    1.00E+00    1.00E+00    0.00E+00    2.50E+00    1.00E+00    2.50E+00    3.50E+00    1.00E+00    0.00E+00
  49    9.62E-02    1.00E+00    1.00E+00    0.00E+00    2.50E+00    1.00E+00    2.50E+00    3.50E+00    1.00E+00    0.00E+00
  50    9.82E-02    1.00E+00    1.00E+00    0.00E+00    2.50E+00    1.00E+00    2.50E+00    3.50E+00    1.00E+00    0.00E+00
  51    1.00E-01    1.00E+00    1.00E+00    0.00E+00    2.50E+00    1.00E+00    2.50E+00    3.50E+00    1.00E+00    0.00E+00
  52    1.02E-01    1.00E+00    1.00E+00    0.00E+00    2.50E+00    1.00E+00    2.50E+00    3.50E+00    1.00E+00    0.00E+00
  53    1.04E-01    1.00E+00    1.00E+00    0.00E+00    2.50E+00    1.00E+00    2.50E+00    3.50E+00    1.00E+00    0.00E+00
  54    1.06E-01    1.00E+00    1.00E+00    0.00E+00    2.50E+00    1.00E+00    2.50E+00    3.50E+00    1.00E+00    0.00E+00
  55    1.08E-01    1.00E+00    1.00E+00    0.00E+00    2.50E+00    1.00E+00    2.50E+00    3.50E+00    1.00E+00    0.00E+00
  56    1.10E-01    1.00E+00    1.00E+00    0.00E+00    2.50E+00    1.00E+00    2.50E+00    3.50E+00    1.00E+00    0.00E+00
  57    1.12E-01    1.00E+00    1.00E+00    0.00E+00    2.50E+00    1.00E+00    2.50E+00    3.50E+00    1.00E+00    0.00E+00
  58    1.14E-01    1.00E+00    1.00E+00    0.00E+00    2.50E+00    1.00E+00    2.50E+00    3.50E+00    1.00E+00    0.00E+00
  59    1.16E-01    1.00E+00    1.00E+00    0.00E+00    2.50E+00    1.00E+00    2.50E+00    3.50E+00    1.00E+00    0.00E+00
  60    1.18E-01    1.00E+00    1.00E+00    0.00E+00    2.50E+00    1.00E+00    2.50E+00    3.50E+00    1.00E+00    0.00E+00
  61    1.20E-01    1.00E+00    1.00E+00    0.00E+00    2.50E+00    1.00E+00    2.50E+00    3.50E+00    1.00E+00    0.00E+00
  62    1.22E-01    1.00E+00    1.00E+00    0.00E+00    2.50E+00    1.00E+00    2.50E+00    3.50E+00    1.00E+00    0.00E+00
  63    1.24E-01    1.00E+00    1.00E+00    0.00E+00    2.50E+00    1.00E+00    2.50E+00    3.50E+00    1.00E+00    0.00E+00
  64    1.26E-01    1.00E+00    1.00E+00    0.00E+00    2.50E+00    1.00E+00    2.50E+00    3.50E+00    1.00E+00    0.00E+00
  65    1.28E-01    1.00E+00    1.00E+00    0.00E+00    2.50E+00    1.00E+00    2.50E+00    3.50E+00    1.00E+00    0.00E+00
  66    1.30E-01    1.00E+00    1.00E+00    0.00E+00    2.50E+00    1.00E+00    2.50E+00    3.50E+00    1.00E+00    0.00E+00
  67    1.32E-01    1.00E+00    1.00E+00    0.00E+00    2.50E+00    1.00E+00    2.50E+00    3.50E+00    1.00E+00    0.00E+00
  68    1.34E-01    1.00E+00    1.00E+00    0.00E+00    2.50E+00    1.00E+00    2.50E+00    3.50E+00    1.00E+00    0.00E+00
  69    1.36E-01    1.00E+00    1.00E+00    0.00E+00    2.50E+00    1.00E+00    2.50E+00    3.50E+00    1.00E+00    0.00E+00
  70    1.38E-01    1.00E+00    1.00E+00    0.00E+00    2.50E+00    1.00E+00    2.50E+00    3.50E+00    1.00E+00    0.00E+00
  71    1.40E-01    1.00E+00    1.00E+00    0.00E+00    2.50E+00    1.00E+00    2.50E+00    3.50E+00    1.00E+00    0.00E+00
  72    1.42E-01    1.00E+00    1.00E+00    0.00E+00    2.50E+00    1.00E+00    2.50E+00    3.50E+00    1.00E+00    0.00E+00
  73    1.44E-01    1.00E+00    1.00E+00    0.00E+00    2.50E+00    1.00E+00    2.50E+00    3.50E+00    1.00E+00    0.00E+00
  74    1.46E-01    1.00E+00    1.00E+00    0.00E+00    2.50E+00    1.00E+00    2.50E+00    3.50E+00    1.00E+00    0.00E+00
  75    1.48E-01    1.00E+00    1.00E+00    0.00E+00    2.50E+00    1.00E+00    2.50E+00    3.50E+00    1.00E+00    0.00E+00
  76    1.50E-01    1.00E+00    1.00E+00    0.00E+00    2.50E+00    1.00E+00    2.50E+00    3.50E+00    1.00E+00    0.00E+00
  77    1.52E-01    1.00E+00    1.00E+00    0.00E+00    2.50E+00    1.00E+00    2.50E+00    3.50E+00    1.00E+00    0.00E+00
  78    1.54E-01    1.00E+00    1.00E+00    0.00E+00    2.50E+00    1.00E+00    2.50E+00    3.50E+00    1.00E+00    0.00E+00
  79    1.56E-01    1.00E+00    1.00E+00    0.00E+00    2.50E+00    1.00E+00    2.50E+00    3.50E+00    1.00E+00    0.00E+00
  80    1.58E-01    1.00E+00    1.00E+00    0.00E+00    2.50E+00    1.00E+00    2.50E+00    3.50E+00    1.00E+00    0.00E+00
  81    1.60E-01    1.00E+00    1.00E+00    0.00E+00    2.50E+00    1.00E+00    2.50E+00    3.50E+00    1.00E+00    0.00E+00
  82    1.62E-01    1.00E+00    1.00E+00    0.00E+00    2.50E+00    1.00E+00    2.50E+00    3.50E+00    1.00E+00    0.00E+00
  83    1.64E-01    1.00E+00    1.00E+00    0.00E+00    2.50E+00    1.00E+00    2.50E+00    3.50E+00    1.00E+00    0.00E+00
  84    1.66E-01    1.00E+00    1.00E+00    0.00E+00    2.50E+00    1.00E+00    2.50E+00    3.50E+00    1.00E+00    0.00E+00
  85    1.68E-01    1.00E+00    1.00E+00    0.00E+00    2.50E+00    1.00E+00    2.50E+00    3.50E+00    1.00E+00    0.00E+00
  86    1.70E-01    1.00E+00    1.00E+00    0.00E+00    2.50E+00    1.00E+00    2.50E+00    3.50E+00    1.00E+00    0.00E+00
  87    1.72E-01    1.00E+00    1.00E+00    0.00E+00    2.50E+00    1.00E+00    2.50E+00    3.50E+00    1.00E+00    0.00E+00
  88    1.74E-01    1.00E+00    1.00E+00    0.00E+00    2.50E+00    1.00E+00    2.50E+00    3.50E+00    1.00E+00    0.00E+00
  89    1.76E-01    1.00E+00    1.00E+00    0.00E+00    2.50E+00    1.00E+00    2.50E+00    3.50E+00    1.00E+00    0.00E+00
  90    1.78E-01    1.00E+00    1.00E+00    0.00E+00    2.50E+00    1.00E+00    2.50E+00    3.50E+00    1.00E+00    0.00E+00
  91    1.80E-01    1.00E+00    1.00E+00    0.00E+00    2.50E+00    1.00E+00    2.50E+00    3.50E+00    1.00E+00    0.00E+00
  92    1.82E-01    1.00E+00    1.00E+00    0.00E+00    2.50E+00    1.00E+00    2.50E+00    3.50E+00    1.00E+00    0.00E+00
  93    1.84E-01    1.00E+00    1.00E+00    0.00E+00    2.50E+00    1.00E+00    2.50E+00    3.50E+00    1.00E+00    0.00E+00
  94    1.86E-01    1.00E+00    1.00E+00    0.00E+00    2.50E+00    1.00E+00    2.50E+00    3.50E+00    1.00E+00    0.00E+00
  95    1.88E-01    1.00E+00    1.00E+00    0.00E+00    2.50E+00    1.00E+00    2.50E+00    3.50E+00    1.00E+00    0.00E+00
  96    1.90E-01    1.00E+00    1.00E+00    0.00E+00    2.50E+00    1.00E+00    2.50E+00    3.50E+00    1.00E+00    0.00E+00
  97    1.92E-01    1.00E+00    1.00E+00    0.00E+00    2.50E+00    1.00E+00    2.50E+00    3.50E+00    1.00E+00    0.00E+00
  98    1.94E-01    1.00E+00    1.00E+00    0.00E+00    2.50E+00    1.00E+00    2.50E+00    3.50E+00    1.00E+00    0.00E+00
  99    1.96E-01    1.00E+00    1.00E+00    0.00E+00    2.50E+00    1.00E+00    2.50E+00    3.50E+00    1.00E+00    0.00E+00
 100    1.98E-01    1.00E+00    1.00E+00    0.00E+00    2.50E+00    1.00E+00    2.50E+00    3.50E+00    1.00E+00    0.00E+00
 101    2.00E-01    1.00E+00    1.00E+00    0.00E+00    2.50E+00    1.00E+00    2.50E+00    3.50E+00    1.00E+00    0.00E+00
 102    2.02E-01    1.00E+00    1.00E+00    0.00E+00    2.50E+00    1.00E+00    2.50E+00    3.50E+00    1.00E+00    0.00E+00
 103    2.04E-01    1.00E+00    1.00E+00    0.00E+00    2.50E+00    1.00E+00    2.50E+00    3.50E+00    1.00E+00    0.00E+00
 104    2.06E-01    1.00E+00    1.00E+00    0.00E+00    2.50E+00    1.00E+00    2.50E+00    3.50E+00    1.00E+00    0.00E+00
 105    2.08E-01    1.00E+00    1.00E+00    0.00E+00    2.50E+00    1.00E+00    2.50E+00    3.50E+00    1.00E+00    0.00E+00
 106    2.10E-01    1.00E+00    1.00E+00    0.00E+00    2.50E+00    1.00E+00    2.50E+00    3.50E+00    1.00E+00    0.00E+00
 107    2.12E-01    1.00E+00    1.00E+00    0.00E+00    2.50E+00    1.00E+00    2.50E+00    3.50E+00    1.00E+00    0.00E+00
 108    2.14E-01    1.00E+00    1.00E+00    0.00E+00    2.50E+00    1.00E+00    2.50E+00    3.50E+00    1.00E+00    0.00E+00
 109    2.16E-01    1.00E+00    1.00E+00    0.00E+00    2.50E+00    1.00E+00    2.50E+00    3.50E+00    1.00E+00    0.00E+00
 110    2.18E-01    1.00E+00    1.00E+00    0.00E+00    2.50E+00    1.00E+00    2.50E+00    3.50E+00    1.00E+00    0.00E+00
 111    2.20E-01    1.00E+00    1.00E+00    0.00E+00    2.50E+00    1.00E+00    2.50E+00    3.50E+00    1.00E+00    0.00E+00
 112    2.22E-01    1.00E+00    1.00E+00    0.00E+00    2.50E+00    1.00E+00    2.50E+00    3.50E+00    1.00E+00    0.00E+00
 113    2.24E-01    1.00E+00    1.00E+00    0.00E+00    2.50E+00    1.00E+00    2.50E+00    3.50E+00    1.00E+00    0.00E+00
 114    2.26E-01    1.00E+00    1.00E+00    0.00E+00    2.50E+00    1.00E+00    2.50E+00    3.50E+00    1.00E+00    0.00E+00
 115    2.28E-01    1.00E+00    1.00E+00    0.00E+00    2.50E+00    1.00E+00    2.50E+00    3.50E+00    1.00E+00    0.00E+00
 116    2.30E-01    1.00E+00    1.00E+00    0.00E+00    2.50E+00    1.00E+00    2.50E+00    3.50E+00    1.00E+00    0.00E+00
 117    2.32E-01    1.00E+00    1.00E+00    0.00E+00    2.50E+00    1.00E+00    2.50E+00    3.50E+00    1.00E+00    0.00E+00
 118    2.34E-01    1.00E+00    1.00E+00    0.00E+00    2.50E+00    1.00E+00    2.50E+00    3.50E+00    1.00E+00    0.00E+00
 119    2.36E-01    1.00E+00    1.00E+00    0.00E+00    2.50E+00    1.00E+00    2.50E+00    3.50E+00    1.00E+00    0.00E+00
 120    2.38E-01    1.00E+00    1.00E+00    0.00E+00    2.50E+00    1.00E+00    2.50E+00    3.50E+00    1.00E+00    0.00E+00
 121    2.40E-01    1.00E+00    1.00E+00    0.00E+00    2.50E+00    1.00E+00    2.50E+00    3.50E+00    1.00E+00    0.00E+00
 122    2.42E-01    1.00E+00    1.00E+00    0.00E+00    2.50E+00    1.00E+00    2.50E+00    3.50E+00    1.00E+00    0.00E+00
 123    2.44E-01    1.00E+00    1.00E+00    0.00E+00    2.50E+00    1.00E+00    2.50E+00    3.50E+00    1.00E+00    0.00E+00
 124    2.46E-01    1.00E+00    1.00E+00    0.00E+00    2.50E+00    1.00E+00    2.50E+00    3.50E+00    1.00E+00    0.00E+00
 125    2.48E-01    1.00E+00    1.00E+00    0.00E+00    2.50E+00    1.00E+00    2.50E+00    3.50E+00    1.00E+00    0.00E+00
 126    2.51E-01    1.00E+00    1.00E+00    0.00E+00    2.50E+00    1.00E+00    2.50E+00    3.50E+00    1.00E+00    0.00E+00
 127    2.53E-01    1.00E+00    1.00E+00    0.00E+00    2.50E+00    1.00E+00    2.50E+00    3.50E+00    1.00E+00    0.00E+00
 128    2.55E-01    1.00E+00    1.00E+00    0.00E+00    2.50E+00    1.00E+00    2.50E+00    3.50E+00    1.00E+00    0.00E+00
 129    2.57E-01    1.00E+00    1.00E+00    0.00E+00    2.50E+00    1.00E+00    2.50E+00    3.50E+00    1.00E+00    0.00E+00
 130    2.59E-01    1.00E+00    1.00E+00    0.00E+00    2.50E+00    1.00E+00    2.50E+00    3.50E+00    1.00E+00    0.00E+00
 131    2.61E-01    1.00E+00    1.00E+00    0.00E+00    2.50E+00    1.00E+00    2.50E+00    3.50E+00    1.00E+00    0.00E+00
 132    2.63E-01    1.00E+00    1.00E+00    0.00E+00    2.50E+00    1.00E+00    2.50E+00    3.50E+00    1.00E+00    0.00E+00
 133    2.65E-01    9.96E-01    9.94E-01    4.88E-03    2.50E+00    9.98E-01    2.50E+00    3.50E+00    1.00E+00    5.55E-16
 134    2.67E-01    9.89E-01    9.84E-01    1.32E-02    2.49E+00    9.96E-01    2.50E+00    3.50E+00    1.00E+00    0.00E+00
 135    2.69E-01    9.82E-01    9.75E-01    2.16E-02    2.48E+00    9.93E-01    2.50E+00    3.50E+00    1.00E+00    0.00E+00
 136    2.71E-01    9.75E-01    9.65E-01    2.99E-02    2.47E+00    9.90E-01    2.50E+00    3.50E+00    1.00E+00    0.00E+00
 137    2.73E-01    9.68E-01    9.56E-01    3.83E-02    2.47E+00    9.87E-01    2.50E+00    3.50E+00    1.00E+00    0.00E+00
 138    2.75E-01    9.61E-01    9.46E-01    4.66E-02    2.46E+00    9.84E-01    2.50E+00    3.50E+00    1.00E+00    0.00E+00
 139    2.77E-01    9.54E-01    9.37E-01    5.50E-02    2.45E+00    9.81E-01    2.50E+00    3.50E+00    1.00E+00   -2.78E-16
 140    2.79E-01    9.48E-01    9.27E-01    6.33E-02    2.45E+00    9.79E-01    2.50E+00    3.50E+00    1.00E+00    0.00E+00
 141    2.81E-01    9.41E-01    9.18E-01    7.17E-02    2.44E+00    9.76E-01    2.50E+00    3.50E+00    1.00E+00    0.00E+00
 142    2.83E-01    9.34E-01    9.09E-01    8.00E-02    2.43E+00    9.73E-01    2.50E+00    3.50E+00    1.00E+00    0.00E+00
 143    2.85E-01    9.28E-01    9.00E-01    8.84E-02    2.43E+00    9.70E-01    2.50E+00    3.50E+00    1.00E+00    0.00E+00
 144    2.87E-01    9.21E-01    8.91E-01    9.67E-02    2.42E+00    9.68E-01    2.50E+00    3.50E+00    1.00E+00    0.00E+00
 145    2.89E-01    9.14E-01    8.82E-01    1.05E-01    2.41E+00    9.65E-01    2.50E+00    3.50E+00    1.00E+00    0.00E+00
 146    2.91E-01    9.08E-01    8.73E-01    1.13E-01    2.41E+00    9.62E-01    2.50E+00    3.50E+00    1.00E+00    0.00E+00
 147    2.93E-01    9.01E-01    8.65E-01    1.22E-01    2.40E+00    9.59E-01    2.50E+00    3.50E+00    1.00E+00   -2.78E-16
 148    2.95E-01    8.95E-01    8.56E-01    1.30E-01    2.39E+00    9.56E-01    2.50E+00    3.50E+00    1.00E+00    0.00E+00
 149    2.97E-01    8.88E-01    8.47E-01    1.38E-01    2.38E+00    9.54E-01    2.50E+00    3.50E+00    1.00E+00    0.00E+00
 150    2.99E-01    8.82E-01    8.39E-01    1.47E-01    2.38E+00    9.51E-01    2.50E+00    3.50E+00    1.00E+00    5.55E-16
 151    3.01E-01    8.76E-01    8.30E-01    1.55E-01    2.37E+00    9.48E-01    2.50E+00    3.50E+00    1.00E+00    0.00E+00
 152    3.03E-01    8.69E-01    8.22E-01    1.64E-01    2.36E+00    9.45E-01    2.50E+00    3.50E+00    1.00E+00    0.00E+00
 153    3.05E-01    8.63E-01    8.14E-01    1.72E-01    2.36E+00    9.43E-01    2.50E+00    3.50E+00    1.00E+00   -2.78E-16
 154    3.07E-01    8.57E-01    8.05E-01    1.80E-01    2.35E+00    9.40E-01    2.50E+00    3.50E+00    1.00E+00    0.00E+00
 155    3.09E-01    8.50E-01    7.97E-01    1.89E-01    2.34E+00    9.37E-01    2.50E+00    3.50E+00    1.00E+00    0.00E+00
 156    3.11E-01    8.44E-01    7.89E-01    1.97E-01    2.34E+00    9.35E-01    2.50E+00    3.50E+00    1.00E+00    0.00E+00
 157    3.13E-01    8.38E-01    7.81E-01    2.05E-01    2.33E+00    9.32E-01    2.50E+00    3.50E+00    1.00E+00    0.00E+00
 158    3.15E-01    8.32E-01    7.73E-01    2.14E-01    2.32E+00    9.29E-01    2.50E+00    3.50E+00    1.00E+00    0.00E+00
 159    3.17E-01    8.26E-01    7.65E-01    2.22E-01    2.32E+00    9.26E-01    2.50E+00    3.50E+00    1.00E+00    0.00E+00
 160    3.19E-01    8.20E-01    7.57E-01    2.30E-01    2.31E+00    9.24E-01    2.50E+00    3.50E+00    1.00E+00    0.00E+00
 161    3.21E-01    8.14E-01    7.50E-01    2.39E-01    2.30E+00    9.21E-01    2.50E+00    3.50E+00    1.00E+00    0.00E+00
 162    3.23E-01    8.08E-01    7.42E-01    2.47E-01    2.30E+00    9.18E-01    2.50E+00    3.50E+00    1.00E+00    0.00E+00
 163    3.25E-01    8.02E-01    7.34E-01    2.55E-01    2.29E+00    9.16E-01    2.50E+00    3.50E+00    1.00E+00   -2.78E-16
 164    3.27E-01    7.96E-01    7.27E-01    2.64E-01    2.28E+00    9.13E-01    2.50E+00    3.50E+00    1.00E+00    5.55E-16
 165    3.29E-01    7.90E-01    7.19E-01    2.72E-01    2.28E+00    9.10E-01    2.50E+00    3.50E+00    1.00E+00   -2.78E-16
 166    3.31E-01    7.84E-01    7.12E-01    2.80E-01    2.27E+00    9.07E-01    2.50E+00    3.50E+00    1.00E+00    0.00E+00
 167    3.33E-01    7.79E-01    7.04E-01    2.89E-01    2.26E+00    9.05E-01    2.50E+00    3.50E+00    1.00E+00   -2.78E-16
 168    3.35E-01    7.73E-01    6.97E-01    2.97E-01    2.26E+00    9.02E-01    2.50E+00    3.50E+00    1.00E+00    0.00E+00
 169    3.37E-01    7.67E-01    6.90E-01    3.05E-01    2.25E+00    8.99E-01    2.50E+00    3.50E+00    1.00E+00    0.00E+00
 170    3.39E-01    7.61E-01    6.83E-01    3.14E-01    2.24E+00    8.97E-01    2.50E+00    3.50E+00    1.00E+00    0.00E+00
 171    3.41E-01    7.56E-01    6.76E-01    3.22E-01    2.24E+00    8.94E-01    2.50E+00    3.50E+00    1.00E+00    5.55E-16
 172    3.43E-01    7.50E-01    6.69E-01    3.31E-01    2.23E+00    8.91E-01    2.50E+00    3.50E+00    1.00E+00    0.00E+00
 173    3.45E-01    7.45E-01    6.62E-01    3.39E-01    2.22E+00    8.89E-01    2.50E+00    3.50E+00    1.00E+00    0.00E+00
 174    3.47E-01    7.39E-01    6.55E-01    3.47E-01    2.22E+00    8.86E-01    2.50E+00    3.50E+00    1.00E+00    0.00E+00
 175    3.49E-01    7.33E-01    6.48E-01    3.56E-01    2.21E+00    8.83E-01    2.50E+00    3.50E+00    1.00E+00    0.00E+00
 176    3.51E-01    7.28E-01    6.41E-01    3.64E-01    2.20E+00    8.81E-01    2.50E+00    3.50E+00    1.00E+00    0.00E+00
 177    3.53E-01    7.23E-01    6.34E-01    3.72E-01    2.20E+00    8.78E-01    2.50E+00    3.50E+00    1.00E+00    0.00E+00
 178    3.55E-01    7.17E-01    6.28E-01    3.81E-01    2.19E+00    8.75E-01    2.50E+00    3.50E+00    1.00E+00    0.00E+00
 179    3.57E-01    7.12E-01    6.21E-01    3.89E-01    2.18E+00    8.73E-01    2.50E+00    3.50E+00    1.00E+00    0.00E+00
 180    3.59E-01    7.06E-01    6.15E-01    3.97E-01    2.18E+00    8.70E-01    2.50E+00    3.50E+00    1.00E+00    0.00E+00
 181    3.61E-01    7.01E-01    6.08E-01    4.06E-01    2.17E+00    8.68E-01    2.50E+00    3.50E+00    1.00E+00    0.00E+00
 182    3.63E-01    6.96E-01    6.02E-01    4.14E-01    2.16E+00    8.65E-01    2.50E+00    3.50E+00    1.00E+00    0.00E+00
 183    3.65E-01    6.90E-01    5.95E-01    4.22E-01    2.16E+00    8.62E-01    2.50E+00    3.50E+00    1.00E+00   -5.55E-16
 184    3.67E-01    6.85E-01    5.89E-01    4.31E-01    2.15E+00    8.60E-01    2.50E+00    3.50E+00    1.00E+00    0.00E+00
 185    3.69E-01    6.80E-01    5.83E-01    4.39E-01    2.14E+00    8.57E-01    2.50E+00    3.50E+00    1.00E+00    0.00E+00
 186    3.71E-01    6.75E-01    5.77E-01    4.47E-01    2.14E+00    8.54E-01    2.50E+00    3.50E+00    1.00E+00    0.00E+00
 187    3.73E-01    6.70E-01    5.71E-01    4.56E-01    2.13E+00    8.52E-01    2.50E+00    3.50E+00    1.00E+00    0.00E+00
 188    3.75E-01    6.65E-01    5.64E-01    4.64E-01    2.12E+00    8.49E-01    2.50E+00    3.50E+00    1.00E+00    0.00E+00
 189    3.77E-01    6.60E-01    5.58E-01    4.72E-01    2.12E+00    8.47E-01    2.50E+00    3.50E+00    1.00E+00    5.55E-16
 190    3.79E-01    6.55E-01    5.52E-01    4.81E-01    2.11E+00    8.44E-01    2.50E+00    3.50E+00    1.00E+00    0.00E+00
 191    3.81E-01    6.50E-01    5.47E-01    4.89E-01    2.10E+00    8.41E-01    2.50E+00    3.50E+00    1.00E+00    5.55E-16
 192    3.83E-01    6.45E-01    5.41E-01    4.98E-01    2.10E+00    8.39E-01    2.50E+00    3.50E+00    1.00E+00    0.00E+00
 193    3.85E-01    6.40E-01    5.35E-01    5.06E-01    2.09E+00    8.36E-01    2.50E+00    3.50E+00    1.00E+00    0.00E+00
 194    3.87E-01    6.35E-01    5.29E-01    5.14E-01    2.08E+00    8.34E-01    2.50E+00    3.50E+00    1.00E+00    0.00E+00
 195    3.89E-01    6.30E-01    5.23E-01    5.23E-01    2.08E+00    8.31E-01    2.50E+00    3.50E+00    1.00E+00    5.55E-16
 196    3.91E-01    6.25E-01    5.18E-01    5.31E-01    2.07E+00    8.29E-01    2.50E+00    3.50E+00    1.00E+00    0.00E+00
 197    3.93E-01    6.20E-01    5.12E-01    5.39E-01    2.06E+00    8.26E-01    2.50E+00    3.50E+00    1.00E+00   -5.55E-16
 198    3.95E-01    6.15E-01    5.07E-01    5.48E-01    2.06E+00    8.23E-01    2.50E+00    3.50E+00    1.00E+00    0.00E+00
 199    3.97E-01    6.11E-01    5.01E-01    5.56E-01    2.05E+00    8.21E-01    2.50E+00    3.50E+00    1.00E+00    5.55E-16
 200    3.99E-01    6.06E-01    4.96E-01    5.64E-01    2.05E+00    8.18E-01    2.50E+00    3.50E+00    1.00E+00   -2.78E-16
 201    4.01E-01    6.01E-01    4.90E-01    5.73E-01    2.04E+00    8.16E-01    2.50E+00    3.50E+00    1.00E+00   -2.78E-16
 202    4.03E-01    5.96E-01    4.85E-01    5.81E-01    2.03E+00    8.13E-01    2.50E+00    3.50E+00    1.00E+00   -2.78E-16
 203    4.05E-01    5.92E-01    4.80E-01    5.89E-01    2.03E+00    8.11E-01    2.50E+00    3.50E+00    1.00E+00    5.55E-16
 204    4.07E-01    5.87E-01    4.74E-01    5.98E-01    2.02E+00    8.08E-01    2.50E+00    3.50E+00    1.00E+00    0.00E+00
 205    4.09E-01    5.83E-01    4.69E-01    6.06E-01    2.01E+00    8.06E-01    2.50E+00    3.50E+00    1.00E+00    0.00E+00
 206    4.11E-01    5.78E-01    4.64E-01    6.14E-01    2.01E+00    8.03E-01    2.50E+00    3.50E+00    1.00E+00    0.00E+00
 207    4.13E-01    5.73E-01    4.59E-01    6.23E-01    2.00E+00    8.01E-01    2.50E+00    3.50E+00    1.00E+00   -2.78E-16
 208    4.15E-01    5.69E-01    4.54E-01    6.31E-01    2.00E+00    7.98E-01    2.50E+00    3.50E+00    1.00E+00    0.00E+00
 209    4.17E-01    5.64E-01    4.49E-01    6.39E-01    1.99E+00    7.95E-01    2.50E+00    3.50E+00    1.00E+00   -2.78E-16
 210    4.19E-01    5.60E-01    4.44E-01    6.48E-01    1.98E+00    7.93E-01    2.50E+00    3.50E+00    1.00E+00   -2.78E-16
 211    4.21E-01    5.56E-01    4.39E-01    6.56E-01    1.98E+00    7.90E-01    2.50E+00    3.50E+00    1.00E+00    0.00E+00
 212    4.23E-01    5.51E-01    4.34E-01    6.65E-01    1.97E+00    7.88E-01    2.50E+00    3.50E+00    1.00E+00    0.00E+00
 213    4.25E-01    5.47E-01    4.29E-01    6.73E-01    1.96E+00    7.85E-01    2.50E+00    3.50E+00    1.00E+00    5.55E-16
 214    4.27E-01    5.42E-01    4.25E-01    6.81E-01    1.96E+00    7.83E-01    2.50E+00    3.50E+00    1.00E+00    5.55E-16
 215    4.29E-01    5.38E-01    4.20E-01    6.90E-01    1.95E+00    7.80E-01    2.50E+00    3.50E+00    1.00E+00   -2.78E-16
 216    4.31E-01    5.34E-01    4.15E-01    6.98E-01    1.94E+00    7.78E-01    2.50E+00    3.50E+00    1.00E+00   -2.78E-16
 217    4.33E-01    5.30E-01    4.11E-01    7.06E-01    1.94E+00    7.75E-01    2.50E+00    3.50E+00    1.00E+00    5.55E-16
 218    4.35E-01    5.25E-01    4.06E-01    7.15E-01    1.93E+00    7.73E-01    2.50E+00    3.50E+00    1.00E+00    0.00E+00
 219    4.37E-01    5.21E-01    4.02E-01    7.23E-01    1.93E+00    7.71E-01    2.50E+00    3.50E+00    1.00E+00    0.00E+00
 220    4.39E-01    5.17E-01    3.97E-01    7.31E-01    1.92E+00    7.68E-01    2.50E+00    3.50E+00    1.00E+00    0.00E+00
 221    4.41E-01    5.13E-01    3.93E-01    7.40E-01    1.91E+00    7.66E-01    2.50E+00    3.50E+00    1.00E+00    5.55E-16
 222    4.43E-01    5.09E-01    3.88E-01    7.48E-01    1.91E+00    7.63E-01    2.50E+00    3.50E+00    1.00E+00    0.00E+00
 223    4.45E-01    5.05E-01    3.84E-01    7.56E-01    1.90E+00    7.61E-01    2.50E+00    3.50E+00    1.00E+00   -2.78E-16
 224    4.47E-01    5.01E-01    3.79E-01    7.65E-01    1.90E+00    7.58E-01    2.50E+00    3.50E+00    1.00E+00    0.00E+00
 225    4.49E-01    4.96E-01    3.75E-01    7.73E-01    1.89E+00    7.56E-01    2.50E+00    3.50E+00    1.00E+00    0.00E+00
 226    4.51E-01    4.92E-01    3.71E-01    7.81E-01    1.88E+00    7.53E-01    2.50E+00    3.50E+00    1.00E+00    0.00E+00
 227    4.53E-01    4.88E-01    3.67E-01    7.90E-01    1.88E+00    7.51E-01    2.50E+00    3.50E+00    1.00E+00   -2.78E-16
 228    4.55E-01    4.85E-01    3.63E-01    7.98E-01    1.87E+00    7.48E-01    2.50E+00    3.50E+00    1.00E+00    0.00E+00
 229    4.57E-01    4.81E-01    3.58E-01    8.06E-01    1.86E+00    7.46E-01    2.50E+00    3.50E+00    1.00E+00   -2.78E-16
 230    4.59E-01    4.77E-01    3.54E-01    8.15E-01    1.86E+00    7.44E-01    2.50E+00    3.50E+00    1.00E+00    5.55E-16
 231    4.61E-01    4.73E-01    3.50E-01    8.23E-01    1.85E+00    7.41E-01    2.50E+00    3.50E+00    1.00E+00    0.00E+00
 232    4.63E-01    4.69E-01    3.46E-01    8.32E-01    1.85E+00    7.39E-01    2.50E+00    3.50E+00    1.00E+00    0.00E+00
 233    4.65E-01    4.65E-01    3.42E-01    8.40E-01    1.84E+00    7.36E-01    2.50E+00    3.50E+00    1.00E+00    0.00E+00
 234    4.67E-01    4.61E-01    3.38E-01    8.48E-01    1.83E+00    7.34E-01    2.50E+00    3.50E+00    1.00E+00    0.00E+00
 235    4.69E-01    4.57E-01    3.35E-01    8.57E-01    1.83E+00    7.31E-01    2.50E+00    3.50E+00    1.00E+00    0.00E+00
 236    4.71E-01    4.54E-01    3.31E-01    8.65E-01    1.82E+00    7.29E-01    2.50E+00    3.50E+00    1.00E+00   -5.55E-16
 237    4.73E-01    4.50E-01    3.27E-01    8.73E-01    1.82E+00    7.27E-01    2.50E+00    3.50E+00    1.00E+00   -5.55E-16
 238    4.75E-01    4.46E-01    3.23E-01    8.82E-01    1.81E+00    7.24E-01    2.50E+00    3.50E+00    1.00E+00    0.00E+00
 239    4.77E-01    4.43E-01    3.19E-01    8.90E-01    1.80E+00    7.22E-01    2.50E+00    3.50E+00    1.00E+00    0.00E+00
 240    4.79E-01    4.39E-01    3.16E-01    8.98E-01    1.80E+00    7.19E-01    2.50E+00    3.50E+00    1.00E+00    0.00E+00
 241    4.81E-01    4.35E-01    3.12E-01    9.07E-01    1.79E+00    7.17E-01    2.50E+00    3.50E+00    1.00E+00    0.00E+00
 242    4.83E-01    4.32E-01    3.08E-01    9.15E-01    1.79E+00    7.15E-01    2.50E+00    3.50E+00    1.00E+00    0.00E+00
 243    4.85E-01    4.28E-01    3.05E-01    9.23E-01    1.78E+00    7.12E-01    2.50E+00    3.50E+00    1.00E+00    0.00E+00
 244    4.87E-01    4.26E-01    3.03E-01    9.27E-01    1.78E+00    7.11E-01    2.50E+00    3.50E+00    1.00E+00    0.00E+00
 245    4.89E-01    4.26E-01    3.03E-01    9.27E-01    1.78E+00    7.11E-01    2.50E+00    3.50E+00    1.00E+00    0.00E+00
 246    4.91E-01    4.26E-01    3.03E-01    9.27E-01    1.78E+00    7.11E-01    2.50E+00    3.50E+00    1.00E+00    0.00E+00
 247    4.93E-01    4.26E-01    3.03E-01    9.27E-01    1.78E+00    7.11E-01    2.50E+00    3.50E+00    1.00E+00    0.00E+00
 248    4.95E-01    4.26E-01    3.03E-01    9.27E-01    1.78E+00    7.11E-01    2.50E+00    3.50E+00    1.00E+00    0.00E+00
 249    4.97E-01    4.26E-01    3.03E-01    9.27E-01    1.78E+00    7.11E-01    2.50E+00    3.50E+00    1.00E+00    0.00E+00
 250    4.99E-01    4.26E-01    3.03E-01    9.27E-01    1.78E+00    7.11E-01    2.50E+00    3.50E+00    1.00E+00    0.00E+00
 251    5.01E-01    4.26E-01    3.03E-01    9.27E-01    1.78E+00    7.11E-01    2.50E+00    3.50E+00    1.00E+00    0.00E+00
 252    5.03E-01    4.26E-01    3.03E-01    9.27E-01    1.78E+00    7.11E-01    2.50E+00    3.50E+00    1.00E+00    0.00E+00
 253    5.05E-01    4.26E-01    3.03E-01    9.27E-01    1.78E+00    7.11E-01    2.50E+00    3.50E+00    1.00E+00    0.00E+00
 254    5.07E-01    4.26E-01    3.03E-01    9.27E-01    1.78E+00    7.11E-01    2.50E+00    3.50E+00    1.00E+00    0.00E+00
 255    5.09E-01    4.26E-01    3.03E-01    9.27E-01    1.78E+00    7.11E-01    2.50E+00    3.50E+00    1.00E+00    0.00E+00
 256    5.11E-01    4.26E-01    3.03E-01    9.27E-01    1.78E+00    7.11E-01    2.50E+00    3.50E+00    1.00E+00    0.00E+00
 257    5.13E-01    4.26E-01    3.03E-01    9.27E-01    1.78E+00    7.11E-01    2.50E+00    3.50E+00    1.00E+00    0.00E+00
 258    5.15E-01    4.26E-01    3.03E-01    9.27E-01    1.78E+00    7.11E-01    2.50E+00    3.50E+00    1.00E+00    0.00E+00
 259    5.17E-01    4.26E-01    3.03E-01    9.27E-01    1.78E+00    7.11E-01    2.50E+00    3.50E+00    1.00E+00    0.00E+00
 260    5.19E-01    4.26E-01    3.03E-01    9.27E-01    1.78E+00    7.11E-01    2.50E+00    3.50E+00    1.00E+00    0.00E+00
 261    5.21E-01    4.26E-01    3.03E-01    9.27E-01    1.78E+00    7.11E-01    2.50E+00    3.50E+00    1.00E+00    0.00E+00
 262    5.23E-01    4.26E-01    3.03E-01    9.27E-01    1.78E+00    7.11E-01    2.50E+00    3.50E+00    1.00E+00    0.00E+00
 263    5.25E-01    4.26E-01    3.03E-01    9.27E-01    1.78E+00    7.11E-01    2.50E+00    3.50E+00    1.00E+00    0.00E+00
 264    5.27E-01    4.26E-01    3.03E-01    9.27E-01    1.78E+00    7.11E-01    2.50E+00    3.50E+00    1.00E+00    0.00E+00
 265    5.29E-01    4.26E-01    3.03E-01    9.27E-01    1.78E+00    7.11E-01    2.50E+00    3.50E+00    1.00E+00    0.00E+00
 266    5.31E-01    4.26E-01    3.03E-01    9.27E-01    1.78E+00    7.11E-01    2.50E+00    3.50E+00    1.00E+00    0.00E+00
 267    5.33E-01    4.26E-01    3.03E-01    9.27E-01    1.78E+00    7.11E-01    2.50E+00    3.50E+00    1.00E+00    0.00E+00
 268    5.35E-01    4.26E-01    3.03E-01    9.27E-01    1.78E+00    7.11E-01    2.50E+00    3.50E+00    1.00E+00    0.00E+00
 269    5.37E-01    4.26E-01    3.03E-01    9.27E-01    1.78E+00    7.11E-01    2.50E+00    3.50E+00    1.00E+00    0.00E+00
 270    5.39E-01    4.26E-01    3.03E-01    9.27E-01    1.78E+00    7.11E-01    2.50E+00    3.50E+00    1.00E+00    0.00E+00
 271    5.41E-01    4.26E-01    3.03E-01    9.27E-01    1.78E+00    7.11E-01    2.50E+00    3.50E+00    1.00E+00    0.00E+00
 272    5.43E-01    4.26E-01    3.03E-01    9.27E-01    1.78E+00    7.11E-01    2.50E+00    3.50E+00    1.00E+00    0.00E+00
 273    5.45E-01    4.26E-01    3.03E-01    9.27E-01    1.78E+00    7.11E-01    2.50E+00    3.50E+00    1.00E+00    0.00E+00
 274    5.47E-01    4.26E-01    3.03E-01    9.27E-01    1.78E+00    7.11E-01    2.50E+00    3.50E+00    1.00E+00    0.00E+00
 275    5.49E-01    4.26E-01    3.03E-01    9.27E-01    1.78E+00    7.11E-01    2.50E+00    3.50E+00    1.00E+00    0.00E+00
 276    5.51E-01    4.26E-01    3.03E-01    9.27E-01    1.78E+00    7.11E-01    2.50E+00    3.50E+00    1.00E+00    0.00E+00
 277    5.53E-01    4.26E-01    3.03E-01    9.27E-01    1.78E+00    7.11E-01    2.50E+00    3.50E+00    1.00E+00    0.00E+00
 278    5.55E-01    4.26E-01    3.03E-01    9.27E-01    1.78E+00    7.11E-01    2.50E+00    3.50E+00    1.00E+00    0.00E+00
 279    5.57E-01    4.26E-01    3.03E-01    9.27E-01    1.78E+00    7.11E-01    2.50E+00    3.50E+00    1.00E+00    0.00E+00
 280    5.59E-01    4.26E-01    3.03E-01    9.27E-01    1.78E+00    7.11E-01    2.50E+00    3.50E+00    1.00E+00    0.00E+00
 281    5.61E-01    4.26E-01    3.03E-01    9.27E-01    1.78E+00    7.11E-01    2.50E+00    3.50E+00    1.00E+00    0.00E+00
 282    5.63E-01    4.26E-01    3.03E-01    9.27E-01    1.78E+00    7.11E-01    2.50E+00    3.50E+00    1.00E+00    0.00E+00
 283    5.65E-01    4.26E-01    3.03E-01    9.27E-01    1.78E+00    7.11E-01    2.50E+00    3.50E+00    1.00E+00    0.00E+00
 284    5.67E-01    4.26E-01    3.03E-01    9.27E-01    1.78E+00    7.11E-01    2.50E+00    3.50E+00    1.00E+00    0.00E+00
 285    5.69E-01    4.26E-01    3.03E-01    9.27E-01    1.78E+00    7.11E-01    2.50E+00    3.50E+00    1.00E+00    0.00E+00
 286    5.71E-01    4.26E-01    3.03E-01    9.27E-01    1.78E+00    7.11E-01    2.50E+00    3.50E+00    1.00E+00    0.00E+00
 287    5.73E-01    4.26E-01    3.03E-01    9.27E-01    1.78E+00    7.11E-01    2.50E+00    3.50E+00    1.00E+00    0.00E+00
 288    5.75E-01    4.26E-01    3.03E-01    9.27E-01    1.78E+00    7.11E-01    2.50E+00    3.50E+00    1.00E+00    0.00E+00
 289    5.77E-01    4.26E-01    3.03E-01    9.27E-01    1.78E+00    7.11E-01    2.50E+00    3.50E+00    1.00E+00    0.00E+00
 290    5.79E-01    4.26E-01    3.03E-01    9.27E-01    1.78E+00    7.11E-01    2.50E+00    3.50E+00    1.00E+00    0.00E+00
 291    5.81E-01    4.26E-01    3.03E-01    9.27E-01    1.78E+00    7.11E-01    2.50E+00    3.50E+00    1.00E+00    0.00E+00
 292    5.83E-01    4.26E-01    3.03E-01    9.27E-01    1.78E+00    7.11E-01    2.50E+00    3.50E+00    1.00E+00    0.00E+00
 293    5.85E-01    4.26E-01    3.03E-01    9.27E-01    1.78E+00    7.11E-01    2.50E+00    3.50E+00    1.00E+00    0.00E+00
 294    5.87E-01    4.26E-01    3.03E-01    9.27E-01    1.78E+00    7.11E-01    2.50E+00    3.50E+00    1.00E+00    0.00E+00
 295    5.89E-01    4.26E-01    3.03E-01    9.27E-01    1.78E+00    7.11E-01    2.50E+00    3.50E+00    1.00E+00    0.00E+00
 296    5.91E-01    4.26E-01    3.03E-01    9.27E-01    1.78E+00    7.11E-01    2.50E+00    3.50E+00    1.00E+00    0.00E+00
 297    5.93E-01    4.26E-01    3.03E-01    9.27E-01    1.78E+00    7.11E-01    2.50E+00    3.50E+00    1.00E+00    0.00E+00
 298    5.95E-01    4.26E-01    3.03E-01    9.27E-01    1.78E+00    7.11E-01    2.50E+00    3.50E+00    1.00E+00    0.00E+00
 299    5.97E-01    4.26E-01    3.03E-01    9.27E-01    1.78E+00    7.11E-01    2.50E+00    3.50E+00    1.00E+00    0.00E+00
 300    5.99E-01    4.26E-01    3.03E-01    9.27E-01    1.78E+00    7.11E-01    2.50E+00    3.50E+00    1.00E+00    0.00E+00
 301    6.01E-01    4.26E-01    3.03E-01    9.27E-01    1.78E+00    7.11E-01    2.50E+00    3.50E+00    1.00E+00    0.00E+00
 302    6.03E-01    4.26E-01    3.03E-01    9.27E-01    1.78E+00    7.11E-01    2.50E+00    3.50E+00    1.00E+00    0.00E+00
 303    6.05E-01    4.26E-01    3.03E-01    9.27E-01    1.78E+00    7.11E-01    2.50E+00    3.50E+00    1.00E+00    0.00E+00
 304    6.07E-01    4.26E-01    3.03E-01    9.27E-01    1.78E+00    7.11E-01    2.50E+00    3.50E+00    1.00E+00    0.00E+00
 305    6.09E-01    4.26E-01    3.03E-01    9.27E-01    1.78E+00    7.11E-01    2.50E+00    3.50E+00    1.00E+00    0.00E+00
 306    6.11E-01    4.26E-01    3.03E-01    9.27E-01    1.78E+00    7.11E-01    2.50E+00    3.50E+00    1.00E+00    0.00E+00
 307    6.13E-01    4.26E-01    3.03E-01    9.27E-01    1.78E+00    7.11E-01    2.50E+00    3.50E+00    1.00E+00    0.00E+00
 308    6.15E-01    4.26E-01    3.03E-01    9.27E-01    1.78E+00    7.11E-01    2.50E+00    3.50E+00    1.00E+00    0.00E+00
 309    6.17E-01    4.26E-01    3.03E-01    9.27E-01    1.78E+00    7.11E-01    2.50E+00    3.50E+00    1.00E+00    0.00E+00
 310    6.19E-01    4.26E-01    3.03E-01    9.27E-01    1.78E+00    7.11E-01    2.50E+00    3.50E+00    1.00E+00    0.00E+00
 311    6.21E-01    4.26E-01    3.03E-01    9.27E-01    1.78E+00    7.11E-01    2.50E+00    3.50E+00    1.00E+00    0.00E+00
 312    6.23E-01    4.26E-01    3.03E-01    9.27E-01    1.78E+00    7.11E-01    2.50E+00    3.50E+00    1.00E+00    0.00E+00
 313    6.25E-01    4.26E-01    3.03E-01    9.27E-01    1.78E+00    7.11E-01    2.50E+00    3.50E+00    1.00E+00    0.00E+00
 314    6.27E-01    4.26E-01    3.03E-01    9.27E-01    1.78E+00    7.11E-01    2.50E+00    3.50E+00    1.00E+00    0.00E+00
 315    6.29E-01    4.26E-01    3.03E-01    9.27E-01    1.78E+00    7.11E-01    2.50E+00    3.50E+00    1.00E+00    0.00E+00
 316    6.31E-01    4.26E-01    3.03E-01    9.27E-01    1.78E+00    7.11E-01    2.50E+00    3.50E+00    1.00E+00    0.00E+00
 317    6.33E-01    4.26E-01    3.03E-01    9.27E-01    1.78E+00    7.11E-01    2.50E+00    3.50E+00    1.00E+00    0.00E+00
 318    6.35E-01    4.26E-01    3.03E-01    9.27E-01    1.78E+00    7.11E-01    2.50E+00    3.50E+00    1.00E+00    0.00E+00
 319    6.37E-01    4.26E-01    3.03E-01    9.27E-01    1.78E+00    7.11E-01    2.50E+00    3.50E+00    1.00E+00    0.00E+00
 320    6.39E-01    4.26E-01    3.03E-01    9.27E-01    1.78E+00    7.11E-01    2.50E+00    3.50E+00    1.00E+00    0.00E+00
 321    6.41E-01    4.26E-01    3.03E-01    9.27E-01    1.78E+00    7.11E-01    2.50E+00    3.50E+00    1.00E+00    0.00E+00
 322    6.43E-01    4.26E-01    3.03E-01    9.27E-01    1.78E+00    7.11E-01    2.50E+00    3.50E+00    1.00E+00    0.00E+00
 323    6.45E-01    4.26E-01    3.03E-01    9.27E-01    1.78E+00    7.11E-01    2.50E+00    3.50E+00    1.00E+00    0.00E+00
 324    6.47E-01    4.26E-01    3.03E-01    9.27E-01    1.78E+00    7.11E-01    2.50E+00    3.50E+00    1.00E+00    0.00E+00
 325    6.49E-01    4.26E-01    3.03E-01    9.27E-01    1.78E+00    7.11E-01    2.50E+00    3.50E+00    1.00E+00    0.00E+00
 326    6.51E-01    4.26E-01    3.03E-01    9.27E-01    1.78E+00    7.11E-01    2.50E+00    3.50E+00    1.00E+00    0.00E+00
 327    6.53E-01    4.26E-01    3.03E-01    9.27E-01    1.78E+00    7.11E-01    2.50E+00    3.50E+00    1.00E+00    0.00E+00
 328    6.55E-01    4.26E-01    3.03E-01    9.27E-01    1.78E+00    7.11E-01    2.50E+00    3.50E+00    1.00E+00    0.00E+00
 329    6.57E-01    4.26E-01    3.03E-01    9.27E-01    1.78E+00    7.11E-01    2.50E+00    3.50E+00    1.00E+00    0.00E+00
 330    6.59E-01    4.26E-01    3.03E-01    9.27E-01    1.78E+00    7.11E-01    2.50E+00    3.50E+00    1.00E+00    0.00E+00
 331    6.61E-01    4.26E-01    3.03E-01    9.27E-01    1.78E+00    7.11E-01    2.50E+00    3.50E+00    1.00E+00    0.00E+00
 332    6.63E-01    4.26E-01    3.03E-01    9.27E-01    1.78E+00    7.11E-01    2.50E+00    3.50E+00    1.00E+00    0.00E+00
 333    6.65E-01    4.26E-01    3.03E-01    9.27E-01    1.78E+00    7.11E-01    2.50E+00    3.50E+00    1.00E+00    0.00E+00
 334    6.67E-01    4.26E-01    3.03E-01    9.27E-01    1.78E+00    7.11E-01    2.50E+00    3.50E+00    1.00E+00    0.00E+00
 335    6.69E-01    4.26E-01    3.03E-01    9.27E-01    1.78E+00    7.11E-01    2.50E+00    3.50E+00    1.00E+00    0.00E+00
 336    6.71E-01    4.26E-01    3.03E-01    9.27E-01    1.78E+00    7.11E-01    2.50E+00    3.50E+00    1.00E+00    0.00E+00
 337    6.73E-01    4.26E-01    3.03E-01    9.27E-01    1.78E+00    7.11E-01    2.50E+00    3.50E+00    1.00E+00    0.00E+00
 338    6.75E-01    4.26E-01    3.03E-01    9.27E-01    1.78E+00    7.11E-01    2.50E+00    3.50E+00    1.00E+00    0.00E+00
 339    6.77E-01    4.26E-01    3.03E-01    9.27E-01    1.78E+00    7.11E-01    2.50E+00    3.50E+00    1.00E+00    0.00E+00
 340    6.79E-01    4.26E-01    3.03E-01    9.27E-01    1.78E+00    7.11E-01    2.50E+00    3.50E+00    1.00E+00    0.00E+00
 341    6.81E-01    4.26E-01    3.03E-01    9.27E-01    1.78E+00    7.11E-01    2.50E+00    3.50E+00    1.00E+00    0.00E+00
 342    6.83E-01    4.26E-01    3.03E-01    9.27E-01    1.78E+00    7.11E-01    2.50E+00    3.50E+00    1.00E+00    0.00E+00
 343    6.85E-01    4.26E-01    3.03E-01    9.27E-01    1.78E+00    7.11E-01    2.50E+00    3.50E+00    1.00E+00    0.00E+00
 344    6.87E-01    2.66E-01    3.03E-01    9.27E-01    2.85E+00    1.14E+00    2.50E+00    3.50E+00    1.94E+00    1.66E+00
 345    6.89E-01    2.66E-01    3.03E-01    9.27E-01    2.85E+00    1.14E+00    2.50E+00    3.50E+00    1.94E+00    1.66E+00
 346    6.91E-01    2.66E-01    3.03E-01    9.27E-01    2.85E+00    1.14E+00    2.50E+00    3.50E+00    1.94E+00    1.66E+00
 347    6.93E-01    2.66E-01    3.03E-01    9.27E-01    2.85E+00    1.14E+00    2.50E+00    3.50E+00    1.94E+00    1.66E+00
 348    6.95E-01    2.66E-01    3.03E-01    9.27E-01    2.85E+00    1.14E+00    2.50E+00    3.50E+00    1.94E+00    1.66E+00
 349    6.97E-01    2.66E-01    3.03E-01    9.27E-01    2.85E+00    1.14E+00    2.50E+00    3.50E+00    1.94E+00    1.66E+00
 350    6.99E-01    2.66E-01    3.03E-01    9.27E-01    2.85E+00    1.14E+00    2.50E+00    3.50E+00    1.94E+00    1.66E+00
 351    7.01E-01    2.66E-01    3.03E-01    9.27E-01    2.85E+00    1.14E+00    2.50E+00    3.50E+00    1.94E+00    1.66E+00
 352    7.03E-01    2.66E-01    3.03E-01    9.27E-01    2.85E+00    1.14E+00    2.50E+00    3.50E+00    1.94E+00    1.66E+00
 353    7.05E-01    2.66E-01    3.03E-01    9.27E-01    2.85E+00    1.14E+00    2.50E+00    3.50E+00    1.94E+00    1.66E+00
 354    7.07E-01    2.66E-01    3.03E-01    9.27E-01    2.85E+00    1.14E+00    2.50E+00    3.50E+00    1.94E+00    1.66E+00
 355    7.09E-01    2.66E-01    3.03E-01    9.27E-01    2.85E+00    1.14E+00    2.50E+00    3.50E+00    1.94E+00    1.66E+00
 356    7.11E-01    2.66E-01    3.03E-01    9.27E-01    2.85E+00    1.14E+00    2.50E+00    3.50E+00    1.94E+00    1.66E+00
 357    7.13E-01    2.66E-01    3.03E-01    9.27E-01    2.85E+00    1.14E+00    2.50E+00    3.50E+00    1.94E+00    1.66E+00
 358    7.15E-01    2.66E-01    3.03E-01    9.27E-01    2.85E+00    1.14E+00    2.50E+00    3.50E+00    1.94E+00    1.66E+00
 359    7.17E-01    2.66E-01    3.03E-01    9.27E-01    2.85E+00    1.14E+00    2.50E+00    3.50E+00    1.94E+00    1.66E+00
 360    7.19E-01    2.66E-01    3.03E-01    9.27E-01    2.85E+00    1.14E+00    2.50E+00    3.50E+00    1.94E+00    1.66E+00
 361    7.21E-01    2.66E-01    3.03E-01    9.27E-01    2.85E+00    1.14E+00    2.50E+00    3.50E+00    1.94E+00    1.66E+00
 362    7.23E-01    2.66E-01    3.03E-01    9.27E-01    2.85E+00    1.14E+00    2.50E+00    3.50E+00    1.94E+00    1.66E+00
 363    7.25E-01    2.66E-01    3.03E-01    9.27E-01    2.85E+00    1.14E+00    2.50E+00    3.50E+00    1.94E+00    1.66E+00
 364    7.27E-01    2.66E-01    3.03E-01    9.27E-01    2.85E+00    1.14E+00    2.50E+00    3.50E+00    1.94E+00    1.66E+00
 365    7.29E-01    2.66E-01    3.03E-01    9.27E-01    2.85E+00    1.14E+00    2.50E+00    3.50E+00    1.94E+00    1.66E+00
 366    7.31E-01    2.66E-01    3.03E-01    9.27E-01    2.85E+00    1.14E+00    2.50E+00    3.50E+00    1.94E+00    1.66E+00
 367    7.33E-01    2.66E-01    3.03E-01    9.27E-01    2.85E+00    1.14E+00    2.50E+00    3.50E+00    1.94E+00    1.66E+00
 368    7.35E-01    2.66E-01    3.03E-01    9.27E-01    2.85E+00    1.14E+00    2.50E+00    3.50E+00    1.94E+00    1.66E+00
 369    7.37E-01    2.66E-01    3.03E-01    9.27E-01    2.85E+00    1.14E+00    2.50E+00    3.50E+00    1.94E+00    1.66E+00
 370    7.39E-01    2.66E-01    3.03E-01    9.27E-01    2.85E+00    1.14E+00    2.50E+00    3.50E+00    1.94E+00    1.66E+00
 371    7.41E-01    2.66E-01    3.03E-01    9.27E-01    2.85E+00    1.14E+00    2.50E+00    3.50E+00    1.94E+00    1.66E+00
 372    7.43E-01    2.66E-01    3.03E-01    9.27E-01    2.85E+00    1.14E+00    2.50E+00    3.50E+00    1.94E+00    1.66E+00
 373    7.45E-01    2.66E-01    3.03E-01    9.27E-01    2.85E+00    1.14E+00    2.50E+00    3.50E+00    1.94E+00    1.66E+00
 374    7.47E-01    2.66E-01    3.03E-01    9.27E-01    2.85E+00    1.14E+00    2.50E+00    3.50E+00    1.94E+00    1.66E+00
 375    7.49E-01    2.66E-01    3.03E-01    9.27E-01    2.85E+00    1.14E+00    2.50E+00    3.50E+00    1.94E+00    1.66E+00
 376    7.52E-01    2.66E-01    3.03E-01    9.27E-01    2.85E+00    1.14E+00    2.50E+00    3.50E+00    1.94E+00    1.66E+00
 377    7.54E-01    2.66E-01    3.03E-01    9.27E-01    2.85E+00    1.14E+00    2.50E+00    3.50E+00    1.94E+00    1.66E+00
 378    7.56E-01    2.66E-01    3.03E-01    9.27E-01    2.85E+00    1.14E+00    2.50E+00    3.50E+00    1.94E+00    1.66E+00
 379    7.58E-01    2.66E-01    3.03E-01    9.27E-01    2.85E+00    1.14E+00    2.50E+00    3.50E+00    1.94E+00    1.66E+00
 380    7.60E-01    2.66E-01    3.03E-01    9.27E-01    2.85E+00    1.14E+00    2.50E+00    3.50E+00    1.94E+00    1.66E+00
 381    7.62E-01    2.66E-01    3.03E-01    9.27E-01    2.85E+00    1.14E+00    2.50E+00    3.50E+00    1.94E+00    1.66E+00
 382    7.64E-01    2.66E-01    3.03E-01    9.27E-01    2.85E+00    1.14E+00    2.50E+00    3.50E+00    1.94E+00    1.66E+00
 383    7.66E-01    2.66E-01    3.03E-01    9.27E-01    2.85E+00    1.14E+00    2.50E+00    3.50E+00    1.94E+00    1.66E+00
 384    7.68E-01    2.66E-01    3.03E-01    9.27E-01    2.85E+00    1.14E+00    2.50E+00    3.50E+00    1.94E+00    1.66E+00
 385    7.70E-01    2.66E-01    3.03E-01    9.27E-01    2.85E+00    1.14E+00    2.50E+00    3.50E+00    1.94E+00    1.66E+00
 386    7.72E-01    2.66E-01    3.03E-01    9.27E-01    2.85E+00    1.14E+00    2.50E+00    3.50E+00    1.94E+00    1.66E+00
 387    7.74E-01    2.66E-01    3.03E-01    9.27E-01    2.85E+00    1.14E+00    2.50E+00    3.50E+00    1.94E+00    1.66E+00
 388    7.76E-01    2.66E-01    3.03E-01    9.27E-01    2.85E+00    1.14E+00    2.50E+00    3.50E+00    1.94E+00    1.66E+00
 389    7.78E-01    2.66E-01    3.03E-01    9.27E-01    2.85E+00    1.14E+00    2.50E+00    3.50E+00    1.94E+00    1.66E+00
 390    7.80E-01    2.66E-01    3.03E-01    9.27E-01    2.85E+00    1.14E+00    2.50E+00    3.50E+00    1.94E+00    1.66E+00
 391    7.82E-01    2.66E-01    3.03E-01    9.27E-01    2.85E+00    1.14E+00    2.50E+00    3.50E+00    1.94E+00    1.66E+00
 392    7.84E-01    2.66E-01    3.03E-01    9.27E-01    2.85E+00    1.14E+00    2.50E+00    3.50E+00    1.94E+00    1.66E+00
 393    7.86E-01    2.66E-01    3.03E-01    9.27E-01    2.85E+00    1.14E+00    2.50E+00    3.50E+00    1.94E+00    1.66E+00
 394    7.88E-01    2.66E-01    3.03E-01    9.27E-01    2.85E+00    1.14E+00    2.50E+00    3.50E+00    1.94E+00    1.66E+00
 395    7.90E-01    2.66E-01    3.03E-01    9.27E-01    2.85E+00    1.14E+00    2.50E+00    3.50E+00    1.94E+00    1.66E+00
 396    7.92E-01    2.66E-01    3.03E-01    9.27E-01    2.85E+00    1.14E+00    2.50E+00    3.50E+00    1.94E+00    1.66E+00
 397    7.94E-01    2.66E-01    3.03E-01    9.27E-01    2.85E+00    1.14E+00    2.50E+00    3.50E+00    1.94E+00    1.66E+00
 398    7.96E-01    2.66E-01    3.03E-01    9.27E-01    2.85E+00    1.14E+00    2.50E+00    3.50E+00    1.94E+00    1.66E+00
 399    7.98E-01    2.66E-01    3.03E-01    9.27E-01    2.85E+00    1.14E+00    2.50E+00    3.50E+00    1.94E+00    1.66E+00
 400    8.00E-01    2.66E-01    3.03E-01    9.27E-01    2.85E+00    1.14E+00    2.50E+00    3.50E+00    1.94E+00    1.66E+00
 401    8.02E-01    2.66E-01    3.03E-01    9.27E-01    2.85E+00    1.14E+00    2.50E+00    3.50E+00    1.94E+00    1.66E+00
 402    8.04E-01    2.66E-01    3.03E-01    9.27E-01    2.85E+00    1.14E+00    2.50E+00    3.50E+00    1.94E+00    1.66E+00
 403    8.06E-01    2.66E-01    3.03E-01    9.27E-01    2.85E+00    1.14E+00    2.50E+00    3.50E+00    1.94E+00    1.66E+00
 404    8.08E-01    2.66E-01    3.03E-01    9.27E-01    2.85E+00    1.14E+00    2.50E+00    3.50E+00    1.94E+00    1.66E+00
 405    8.10E-01    2.66E-01    3.03E-01    9.27E-01    2.85E+00    1.14E+00    2.50E+00    3.50E+00    1.94E+00    1.66E+00
 406    8.12E-01    2.66E-01    3.03E-01    9.27E-01    2.85E+00    1.14E+00    2.50E+00    3.50E+00    1.94E+00    1.66E+00
 407    8.14E-01    2.66E-01    3.03E-01    9.27E-01    2.85E+00    1.14E+00    2.50E+00    3.50E+00    1.94E+00    1.66E+00
 408    8.16E-01    2.66E-01    3.03E-01    9.27E-01    2.85E+00    1.14E+00    2.50E+00    3.50E+00    1.94E+00    1.66E+00
 409    8.18E-01    2.66E-01    3.03E-01    9.27E-01    2.85E+00    1.14E+00    2.50E+00    3.50E+00    1.94E+00    1.66E+00
 410    8.20E-01    2.66E-01    3.03E-01    9.27E-01    2.85E+00    1.14E+00    2.50E+00    3.50E+00    1.94E+00    1.66E+00
 411    8.22E-01    2.66E-01    3.03E-01    9.27E-01    2.85E+00    1.14E+00    2.50E+00    3.50E+00    1.94E+00    1.66E+00
 412    8.24E-01    2.66E-01    3.03E-01    9.27E-01    2.85E+00    1.14E+00    2.50E+00    3.50E+00    1.94E+00    1.66E+00
 413    8.26E-01    2.66E-01    3.03E-01    9.27E-01    2.85E+00    1.14E+00    2.50E+00    3.50E+00    1.94E+00    1.66E+00
 414    8.28E-01    2.66E-01    3.03E-01    9.27E-01    2.85E+00    1.14E+00    2.50E+00    3.50E+00    1.94E+00    1.66E+00
 415    8.30E-01    2.66E-01    3.03E-01    9.27E-01    2.85E+00    1.14E+00    2.50E+00    3.50E+00    1.94E+00    1.66E+00
 416    8.32E-01    2.66E-01    3.03E-01    9.27E-01    2.85E+00    1.14E+00    2.50E+00    3.50E+00    1.94E+00    1.66E+00
 417    8.34E-01    2.66E-01    3.03E-01    9.27E-01    2.85E+00    1.14E+00    2.50E+00    3.50E+00    1.94E+00    1.66E+00
 418    8.36E-01    2.66E-01    3.03E-01    9.27E-01    2.85E+00    1.14E+00    2.50E+00    3.50E+00    1.94E+00    1.66E+00
 419    8.38E-01    2.66E-01    3.03E-01    9.27E-01    2.85E+00    1.14E+00    2.50E+00    3.50E+00    1.94E+00    1.66E+00
 420    8.40E-01    2.66E-01    3.03E-01    9.27E-01    2.85E+00    1.14E+00    2.50E+00    3.50E+00    1.94E+00    1.66E+00
 421    8.42E-01    2.66E-01    3.03E-01    9.27E-01    2.85E+00    1.14E+00    2.50E+00    3.50E+00    1.94E+00    1.66E+00
 422    8.44E-01    2.66E-01    3.03E-01    9.27E-01    2.85E+00    1.14E+00    2.50E+00    3.50E+00    1.94E+00    1.66E+00
 423    8.46E-01    2.66E-01    3.03E-01    9.27E-01    2.85E+00    1.14E+00    2.50E+00    3.50E+00    1.94E+00    1.66E+00
 424    8.48E-01    2.66E-01    3.03E-01    9.27E-01    2.85E+00    1.14E+00    2.50E+00    3.50E+00    1.94E+00    1.66E+00
 425    8.50E-01    2.66E-01    3.03E-01    9.27E-01    2.85E+00    1.14E+00    2.50E+00    3.50E+00    1.94E+00    1.66E+00
 426    8.52E-01    1.25E-01    1.00E-01    0.00E+00    2.00E+00    8.00E-01    2.50E+00    3.50E+00    1.84E+00    1.52E+00
 427    8.54E-01    1.25E-01    1.00E-01    0.00E+00    2.00E+00    8.00E-01    2.50E+00    3.50E+00    1.84E+00    1.52E+00
 428    8.56E-01    1.25E-01    1.00E-01    0.00E+00    2.00E+00    8.00E-01    2.50E+00    3.50E+00    1.84E+00    1.52E+00
 429    8.58E-01    1.25E-01    1.00E-01    0.00E+00    2.00E+00    8.00E-01    2.50E+00    3.50E+00    1.84E+00    1.52E+00
 430    8.60E-01    1.25E-01    1.00E-01    0.00E+00    2.00E+00    8.00E-01    2.50E+00    3.50E+00    1.84E+00    1.52E+00
 431    8.62E-01    1.25E-01    1.00E-01    0.00E+00    2.00E+00    8.00E-01    2.50E+00    3.50E+00    1.84E+00    1.52E+00
 432    8.64E-01    1.25E-01    1.00E-01    0.00E+00    2.00E+00    8.00E-01    2.50E+00    3.50E+00    1.84E+00    1.52E+00
 433    8.66E-01    1.25E-01    1.00E-01    0.00E+00    2.00E+00    8.00E-01    2.50E+00    3.50E+00    1.84E+00    1.52E+00
 434    8.68E-01    1.25E-01    1.00E-01    0.00E+00    2.00E+00    8.00E-01    2.50E+00    3.50E+00    1.84E+00    1.52E+00
 435    8.70E-01    1.25E-01    1.00E-01    0.00E+00    2.00E+00    8.00E-01    2.50E+00    3.50E+00    1.84E+00    1.52E+00
 436    8.72E-01    1.25E-01    1.00E-01    0.00E+00    2.00E+00    8.00E-01    2.50E+00    3.50E+00    1.84E+00    1.52E+00
 437    8.74E-01    1.25E-01    1.00E-01    0.00E+00    2.00E+00    8.00E-01    2.50E+00    3.50E+00    1.84E+00    1.52E+00
 438    8.76E-01    1.25E-01    1.00E-01    0.00E+00    2.00E+00    8.00E-01    2.50E+00    3.50E+00    1.84E+00    1.52E+00
 439    8.78E-01    1.25E-01    1.00E-01    0.00E+00    2.00E+00    8.00E-01    2.50E+00    3.50E+00    1.84E+00    1.52E+00
 440    8.80E-01    1.25E-01    1.00E-01    0.00E+00    2.00E+00    8.00E-01    2.50E+00    3.50E+00    1.84E+00    1.52E+00
 441    8.82E-01    1.25E-01    1.00E-01    0.00E+00    2.00E+00    8.00E-01    2.50E+00    3.50E+00    1.84E+00    1.52E+00
 442    8.84E-01    1.25E-01    1.00E-01    0.00E+00    2.00E+00    8.00E-01    2.50E+00    3.50E+00    1.84E+00    1.52E+00
 443    8.86E-01    1.25E-01    1.00E-01    0.00E+00    2.00E+00    8.00E-01    2.50E+00    3.50E+00    1.84E+00    1.52E+00
 444    8.88E-01    1.25E-01    1.00E-01    0.00E+00    2.00E+00    8.00E-01    2.50E+00    3.50E+00    1.84E+00    1.52E+00
 445    8.90E-01    1.25E-01    1.00E-01    0.00E+00    2.00E+00    8.00E-01    2.50E+00    3.50E+00    1.84E+00    1.52E+00
 446    8.92E-01    1.25E-01    1.00E-01    0.00E+00    2.00E+00    8.00E-01    2.50E+00    3.50E+00    1.84E+00    1.52E+00
 447    8.94E-01    1.25E-01    1.00E-01    0.00E+00    2.00E+00    8.00E-01    2.50E+00    3.50E+00    1.84E+00    1.52E+00
 448    8.96E-01    1.25E-01    1.00E-01    0.00E+00    2.00E+00    8.00E-01    2.50E+00    3.50E+00    1.84E+00    1.52E+00
 449    8.98E-01    1.25E-01    1.00E-01    0.00E+00    2.00E+00    8.00E-01    2.50E+00    3.50E+00    1.84E+00    1.52E+00
 450    9.00E-01    1.25E-01    1.00E-01    0.00E+00    2.00E+00    8.00E-01    2.50E+00    3.50E+00    1.84E+00    1.52E+00
 451    9.02E-01    1.25E-01    1.00E-01    0.00E+00    2.00E+00    8.00E-01    2.50E+00    3.50E+00    1.84E+00    1.52E+00
 452    9.04E-01    1.25E-01    1.00E-01    0.00E+00    2.00E+00    8.00E-01    2.50E+00    3.50E+00    1.84E+00    1.52E+00
 453    9.06E-01    1.25E-01    1.00E-01    0.00E+00    2.00E+00    8.00E-01    2.50E+00    3.50E+00    1.84E+00    1.52E+00
 454    9.08E-01    1.25E-01    1.00E-01    0.00E+00    2.00E+00    8.00E-01    2.50E+00    3.50E+00    1.84E+00    1.52E+00
 455    9.10E-01    1.25E-01    1.00E-01    0.00E+00    2.00E+00    8.00E-01    2.50E+00    3.50E+00    1.84E+00    1.52E+00
 456    9.12E-01    1.25E-01    1.00E-01    0.00E+00    2.00E+00    8.00E-01    2.50E+00    3.50E+00    1.84E+00    1.52E+00
 457    9.14E-01    1.25E-01    1.00E-01    0.00E+00    2.00E+00    8.00E-01    2.50E+00    3.50E+00    1.84E+00    1.52E+00
 458    9.16E-01    1.25E-01    1.00E-01    0.00E+00    2.00E+00    8.00E-01    2.50E+00    3.50E+00    1.84E+00    1.52E+00
 459    9.18E-01    1.25E-01    1.00E-01    0.00E+00    2.00E+00    8.00E-01    2.50E+00    3.50E+00    1.84E+00    1.52E+00
 460    9.20E-01    1.25E-01    1.00E-01    0.00E+00    2.00E+00    8.00E-01    2.50E+00    3.50E+00    1.84E+00    1.52E+00
 461    9.22E-01    1.25E-01    1.00E-01    0.00E+00    2.00E+00    8.00E-01    2.50E+00    3.50E+00    1.84E+00    1.52E+00
 462    9.24E-01    1.25E-01    1.00E-01    0.00E+00    2.00E+00    8.00E-01    2.50E+00    3.50E+00    1.84E+00    1.52E+00
 463    9.26E-01    1.25E-01    1.00E-01    0.00E+00    2.00E+00    8.00E-01    2.50E+00    3.50E+00    1.84E+00    1.52E+00
 464    9.28E-01    1.25E-01    1.00E-01    0.00E+00    2.00E+00    8.00E-01    2.50E+00    3.50E+00    1.84E+00    1.52E+00
 465    9.30E-01    1.25E-01    1.00E-01    0.00E+00    2.00E+00    8.00E-01    2.50E+00    3.50E+00    1.84E+00    1.52E+00
 466    9.32E-01    1.25E-01    1.00E-01    0.00E+00    2.00E+00    8.00E-01    2.50E+00    3.50E+00    1.84E+00    1.52E+00
 467    9.34E-01    1.25E-01    1.00E-01    0.00E+00    2.00E+00    8.00E-01    2.50E+00    3.50E+00    1.84E+00    1.52E+00
 468    9.36E-01    1.25E-01    1.00E-01    0.00E+00    2.00E+00    8.00E-01    2.50E+00    3.50E+00    1.84E+00    1.52E+00
 469    9.38E-01    1.25E-01    1.00E-01    0.00E+00    2.00E+00    8.00E-01    2.50E+00    3.50E+00    1.84E+00    1.52E+00
 470    9.40E-01    1.25E-01    1.00E-01    0.00E+00    2.00E+00    8.00E-01    2.50E+00    3.50E+00    1.84E+00    1.52E+00
 471    9.42E-01    1.25E-01    1.00E-01    0.00E+00    2.00E+00    8.00E-01    2.50E+00    3.50E+00    1.84E+00    1.52E+00
 472    9.44E-01    1.25E-01    1.00E-01    0.00E+00    2.00E+00    8.00E-01    2.50E+00    3.50E+00    1.84E+00    1.52E+00
 473    9.46E-01    1.25E-01    1.00E-01    0.00E+00    2.00E+00    8.00E-01    2.50E+00    3.50E+00    1.84E+00    1.52E+00
 474    9.48E-01    1.25E-01    1.00E-01    0.00E+00    2.00E+00    8.00E-01    2.50E+00    3.50E+00    1.84E+00    1.52E+00
 475    9.50E-01    1.25E-01    1.00E-01    0.00E+00    2.00E+00    8.00E-01    2.50E+00    3.50E+00    1.84E+00    1.52E+00
 476    9.52E-01    1.25E-01    1.00E-01    0.00E+00    2.00E+00    8.00E-01    2.50E+00    3.50E+00    1.84E+00    1.52E+00
 477    9.54E-01    1.25E-01    1.00E-01    0.00E+00    2.00E+00    8.00E-01    2.50E+00    3.50E+00    1.84E+00    1.52E+00
 478    9.56E-01    1.25E-01    1.00E-01    0.00E+00    2.00E+00    8.00E-01    2.50E+00    3.50E+00    1.84E+00    1.52E+00
 479    9.58E-01    1.25E-01    1.00E-01    0.00E+00    2.00E+00    8.00E-01    2.50E+00    3.50E+00    1.84E+00    1.52E+00
 480    9.60E-01    1.25E-01    1.00E-01    0.00E+00    2.00E+00    8.00E-01    2.50E+00    3.50E+00    1.84E+00    1.52E+00
 481    9.62E-01    1.25E-01    1.00E-01    0.00E+00    2.00E+00    8.00E-01    2.50E+00    3.50E+00    1.84E+00    1.52E+00
 482    9.64E-01    1.25E-01    1.00E-01    0.00E+00    2.00E+00    8.00E-01    2.50E+00    3.50E+00    1.84E+00    1.52E+00
 483    9.66E-01    1.25E-01    1.00E-01    0.00E+00    2.00E+00    8.00E-01    2.50E+00    3.50E+00    1.84E+00    1.52E+00
 484    9.68E-01    1.25E-01    1.00E-01    0.00E+00    2.00E+00    8.00E-01    2.50E+00    3.50E+00    1.84E+00    1.52E+00
 485    9.70E-01    1.25E-01    1.00E-01    0.00E+00    2.00E+00    8.00E-01    2.50E+00    3.50E+00    1.84E+00    1.52E+00
 486    9.72E-01    1.25E-01    1.00E-01    0.00E+00    2.00E+00    8.00E-01    2.50E+00    3.50E+00    1.84E+00    1.52E+00
 487    9.74E-01    1.25E-01    1.00E-01    0.00E+00    2.00E+00    8.00E-01    2.50E+00    3.50E+00    1.84E+00    1.52E+00
 488    9.76E-01    1.25E-01    1.00E-01    0.00E+00    2.00E+00    8.00E-01    2.50E+00    3.50E+00    1.84E+00    1.52E+00
 489    9.78E-01    1.25E-01    1.00E-01    0.00E+00    2.00E+00    8.00E-01    2.50E+00    3.50E+00    1.84E+00    1.52E+00
 490    9.80E-01    1.25E-01    1.00E-01    0.00E+00    2.00E+00    8.00E-01    2.50E+00    3.50E+00    1.84E+00    1.52E+00
 491    9.82E-01    1.25E-01    1.00E-01    0.00E+00    2.00E+00    8.00E-01    2.50E+00    3.50E+00    1.84E+00    1.52E+00
 492    9.84E-01    1.25E-01    1.00E-01    0.00E+00    2.00E+00    8.00E-01    2.50E+00    3.50E+00    1.84E+00    1.52E+00
 493    9.86E-01    1.25E-01    1.00E-01    0.00E+00    2.00E+00    8.00E-01    2.50E+00    3.50E+00    1.84E+00    1.52E+00
 494    9.88E-01    1.25E-01    1.00E-01    0.00E+00    2.00E+00    8.00E-01    2.50E+00    3.50E+00    1.84E+00    1.52E+00
 495    9.90E-01    1.25E-01    1.00E-01    0.00E+00    2.00E+00    8.00E-01    2.50E+00    3.50E+00    1.84E+00    1.52E+00
 496    9.92E-01    1.25E-01    1.00E-01    0.00E+00    2.00E+00    8.00E-01    2.50E+00    3.50E+00    1.84E+00    1.52E+00
 497    9.94E-01    1.25E-01    1.00E-01    0.00E+00    2.00E+00    8.00E-01    2.50E+00    3.50E+00    1.84E+00    1.52E+00
 498    9.96E-01    1.25E-01    1.00E-01    0.00E+00    2.00E+00    8.00E-01    2.50E+00    3.50E+00    1.84E+00    1.52E+00
 499    9.98E-01    1.25E-01    1.00E-01    0.00E+00    2.00E+00    8.00E-01    2.50E+00    3.50E+00    1.84E+00    1.52E+00
 500    1.00E+00    1.25E-01    1.00E-01    0.00E+00    2.00E+00    8.00E-01    2.50E+00    3.50E+00    1.84E+00    1.52E+00
